# Data file: ifgramStack.h5
# Mask file: None
# AOI box: (0, 0, 100, 100)
# Threshold: None
#	DATE12		Mean	Btemp/days	Bperp/m		Num
20141009_20141102	0.0808	      24	     0.0	0
20141009_20141126	0.0882	      48	     0.0	1
20141009_20141220	0.0503	      72	     0.0	2
20141102_20141126	0.0740	      24	     0.0	3
20141102_20141220	0.0566	      48	     0.0	4
20141102_20150113	0.0592	      72	     0.0	5
20141126_20141220	0.0630	      24	     0.0	6
20141126_20150113	0.1349	      48	     0.0	7
20141126_20150206	0.0755	      72	     0.0	8
20141220_20150113	0.0739	      24	     0.0	9
20141220_20150206	0.0919	      48	     0.0	10
20150113_20150206	0.1639	      24	     0.0	11
20150501_20150525	0.0554	      24	     0.0	12
20150501_20150618	0.0571	      48	     0.0	13
20150501_20150712	0.0477	      72	     0.0	14
20150525_20150618	0.0977	      24	     0.0	15
20150525_20150712	0.0634	      48	     0.0	16
20150525_20150805	0.0636	      72	     0.0	17
20150618_20150712	0.0607	      24	     0.0	18
20150618_20150805	0.0747	      48	     0.0	19
20150618_20150829	0.0698	      72	     0.0	20
20150712_20150805	0.0666	      24	     0.0	21
20150712_20150829	0.0569	      48	     0.0	22
20150805_20150829	0.0819	      24	     0.0	23
20150805_20151016	0.0678	      72	     0.0	24
20150829_20151016	0.0918	      48	     0.0	25
20150829_20151109	0.0563	      72	     0.0	26
20151016_20151109	0.1046	      24	     0.0	27
20151016_20151203	0.0968	      48	     0.0	28
20151016_20151227	0.0663	      72	     0.0	29
20151109_20151203	0.1189	      24	     0.0	30
20151109_20151227	0.0581	      48	     0.0	31
20151109_20160120	0.0662	      72	     0.0	32
20151203_20151227	0.0943	      24	     0.0	33
20151203_20160120	0.1016	      48	     0.0	34
20151203_20160213	0.0871	      72	     0.0	35
20151227_20160120	0.0779	      24	     0.0	36
20151227_20160213	0.0769	      48	     0.0	37
20151227_20160308	0.0737	      72	     0.0	38
20160120_20160213	0.1080	      24	     0.0	39
20160120_20160308	0.0764	      48	     0.0	40
20160120_20160401	0.0792	      72	     0.0	41
20160213_20160308	0.0767	      24	     0.0	42
20160213_20160401	0.0895	      48	     0.0	43
20160213_20160425	0.0605	      72	     0.0	44
20160308_20160401	0.0956	      24	     0.0	45
20160308_20160425	0.0735	      48	     0.0	46
20160308_20160519	0.0630	      72	     0.0	47
20160401_20160425	0.0903	      24	     0.0	48
20160401_20160519	0.0954	      48	     0.0	49
20160401_20160612	0.0802	      72	     0.0	50
20160425_20160519	0.0965	      24	     0.0	51
20160425_20160612	0.0741	      48	     0.0	52
20160519_20160612	0.1130	      24	     0.0	53
20160519_20160730	0.0652	      72	     0.0	54
20160612_20160730	0.0662	      48	     0.0	55
20160612_20160823	0.0688	      72	     0.0	56
20160730_20160823	0.0819	      24	     0.0	57
20160730_20160916	0.0795	      48	     0.0	58
20160823_20160916	0.0735	      24	     0.0	59
20160823_20161016	0.0687	      54	     0.0	60
20160916_20161016	0.0894	      30	     0.0	61
20160916_20161109	0.0651	      54	     0.0	62
20161016_20161109	0.0868	      24	     0.0	63
20161016_20161203	0.0585	      48	     0.0	64
20161016_20161227	0.0541	      72	     0.0	65
20161109_20161203	0.0791	      24	     0.0	66
20161109_20161227	0.0678	      48	     0.0	67
20161109_20170120	0.0629	      72	     0.0	68
20161203_20161227	0.1721	      24	     0.0	69
20161203_20170120	0.0753	      48	     0.0	70
20161203_20170213	0.1651	      72	     0.0	71
20161227_20170120	0.0984	      24	     0.0	72
20161227_20170213	0.1717	      48	     0.0	73
20161227_20170219	0.0669	      54	     0.0	74
20170120_20170213	0.1070	      24	     0.0	75
20170120_20170219	0.1953	      30	     0.0	76
20170120_20170303	0.0663	      42	     0.0	77
20170213_20170219	0.1023	       6	     0.0	78
20170213_20170303	0.0513	      18	     0.0	79
20170213_20170315	0.1016	      30	     0.0	80
20170219_20170303	0.0653	      12	     0.0	81
20170219_20170315	0.0812	      24	     0.0	82
20170219_20170327	0.1010	      36	     0.0	83
20170303_20170315	0.0557	      12	     0.0	84
20170303_20170327	0.0524	      24	     0.0	85
20170303_20170408	0.0518	      36	     0.0	86
20170315_20170327	0.1557	      12	     0.0	87
20170315_20170408	0.0758	      24	     0.0	88
20170315_20170420	0.0713	      36	     0.0	89
20170327_20170408	0.0892	      12	     0.0	90
20170327_20170420	0.0687	      24	     0.0	91
20170327_20170514	0.0732	      48	     0.0	92
20170408_20170420	0.0847	      12	     0.0	93
20170408_20170514	0.1010	      36	     0.0	94
20170408_20170526	0.0639	      48	     0.0	95
20170420_20170502	0.1109	      12	     0.0	96
20170420_20170514	0.0696	      24	     0.0	97
20170420_20170526	0.0821	      36	     0.0	98
20170502_20170514	0.1150	      12	     0.0	99
20170502_20170526	0.0883	      24	     0.0	100
20170514_20170526	0.0798	      12	     0.0	101
20170514_20170607	0.0762	      24	     0.0	102
20170526_20170607	0.0663	      12	     0.0	103
